1 0.68967 0.26115 0.72468 -0.14588
1 0.63305 0.97091 0.79281 0.91074
0 0.69246 0.26856 -0.62198 0.44849
1 -0.25963 0.20091 0.32144 0.16178
1 -0.23354 0.81837 0.88246 0.080516
1 0.72267 0.14167 0.95141 0.41088
0 -0.072182 -0.32916 -0.78413 -0.98994
0 0.1411 0.91428 -0.6422 0.56503
0 0.39061 -0.12015 0.4931 0.85372
1 0.92183 0.20309 -0.90106 -0.98341
1 0.092626 0.44052 -0.85743 0.64926
1 0.27315 0.35756 -0.021749 0.53467
0 0.14178 -0.57448 0.69979 0.99427
0 0.85422 -0.83675 0.99408 -0.54469
0 0.72753 -0.45104 -0.99121 0.83908
1 -0.66032 0.73504 0.085215 0.284
0 -0.6426 0.11871 0.7227 -0.78936
0 -0.51299 -0.070744 0.81828 -0.46368
1 0.50356 -0.1394 0.6907 0.52769
1 -0.60173 0.54797 0.75775 0.61102
0 0.96588 0.30784 0.49236 -0.79149
0 0.41928 0.31546 -0.76502 -0.060482
0 -0.64913 -0.67796 0.018045 -0.56188
1 0.71659 -0.13525 -0.66234 0.84542
1 0.81882 0.010172 0.66222 -0.35935
0 0.92333 -0.24934 0.85602 0.71509
0 0.1412 -0.039256 -0.66103 -0.48031
1 0.12576 -0.31516 0.76747 0.75613
0 -0.64668 0.55429 -0.22427 -0.62346
1 0.027358 -0.23211 -0.23486 0.51839
0 0.096944 0.42311 -0.45709 -0.93662
1 -0.66945 -0.038133 0.73577 0.28468
0 -0.012214 0.45836 0.483 0.13374
0 0.070235 0.87512 -0.10425 -0.24718
1 -0.60239 0.034509 0.41928 -0.5749
1 0.24634 0.80614 0.88866 0.58431
1 -0.94737 -0.56361 -0.65176 -0.70911
1 -0.36242 0.74644 -0.51081 -0.021715
0 0.065999 -0.83461 0.28186 -0.97431
1 -0.34645 -0.069193 0.61723 -0.62678
1 0.20438 -0.95614 0.70674 -0.029539
1 -0.27613 0.61656 -0.20376 0.67645
0 -0.73016 -0.64158 -0.76901 -0.71789
0 0.82763 -0.66922 -0.83944 0.46443
0 0.28112 -0.63679 -0.27906 0.38213
1 0.31755 0.38287 0.65781 -0.93101
0 0.35066 -0.57247 -0.57078 -0.022285
1 0.48912 -0.40379 0.58208 0.94278
1 0.68436 0.53667 0.30938 -0.7751
0 0.033314 0.0023002 -0.94771 0.48643
1 -0.69626 0.81893 0.57155 0.27708
1 -0.23867 -0.88429 0.84513 0.18837
1 0.64204 -0.1265 -0.015374 -0.002755
0 -0.65727 0.14451 0.66802 0.13571
0 -0.34005 0.13013 -0.73729 -0.14699
1 0.93294 0.64763 0.51957 -0.84752
1 0.61259 -0.7478 0.85147 -0.41883
0 -0.55562 -0.39977 0.66542 0.12267
1 0.99955 -0.99576 -0.4812 0.26667
0 -0.87252 0.90221 -0.57396 0.86155
1 -0.14903 0.5326 0.04463 0.95554
0 -0.19132 0.50261 -0.20529 -0.81281
0 -0.19941 -0.72227 -0.04178 0.32347
1 -0.77615 -0.30136 0.98781 0.20555
0 -0.15138 -0.69732 0.20896 -0.052364
0 0.22709 -0.0065586 0.88982 -0.28749
0 0.97612 0.6173 -0.019116 -0.048843
0 -0.5602 0.26574 -0.12411 0.34204
0 -0.29184 0.3768 0.54531 0.91929
1 -0.46752 0.27914 0.48813 -0.82183
0 -0.417 0.45864 -0.11419 0.59548
0 -0.62322 0.71969 -0.894 0.18155
0 -0.95428 0.25391 -0.82436 0.82439
0 -0.10119 -0.63882 0.59597 -0.79774
1 -0.51272 0.14661 0.31116 -0.41341
1 0.73745 -0.67287 -0.93533 -0.89682
1 0.057222 0.8121 0.11413 0.0082564
1 0.82827 -0.84531 0.4396 0.53675
0 0.94786 -0.32293 -0.77918 -0.43403
0 0.17085 0.16124 -0.56671 -0.54928
0 -0.76205 -0.04953 0.62204 -0.33742
0 0.85307 0.61064 -0.72268 -0.093497
0 0.18712 0.061556 0.7638 0.47477
1 0.76723 -0.54538 0.84711 0.019771
1 -0.15105 0.41897 -0.97449 -0.23497
1 0.21451 -0.70273 -0.24568 0.81097
0 -0.85847 0.31623 -0.66438 0.93052
1 0.84954 0.26797 0.080446 0.25653
0 0.28416 -0.54139 -0.79668 -0.73594
0 -0.791 -0.63554 -0.92146 0.2366
1 0.40045 -0.66729 0.86646 -0.23396
0 -0.20839 -0.70079 0.94318 0.98239
0 -0.83019 -0.59451 -0.27814 -0.42635
1 -0.57104 0.90992 0.28841 0.41238
0 -0.5024 -0.96818 -0.86411 0.070412
0 -0.54669 0.91503 -0.58418 -0.61358
0 0.40601 -0.94862 -0.92079 0.37887
0 0.50831 0.94222 -0.061281 -0.89909
0 0.094573 -0.40481 -0.69981 -0.63113
1 0.10697 0.050146 0.98261 -0.90868
